[{"line": "reg1a", "index": 0, "from_br": "150", "to_br": "150R", "is_Switch": 0, "nPhase": 3, "Phase": "ABC", "length": 0.001, "r": [0.001, 0.0, 0.0, 0.0, 0.001, 0.0, 0.0, 0.0, 0.001], "x": [0.001, 0.0, 0.0, 0.0, 0.001, 0.0, 0.0, 0.0, 0.001]}, {"line": "l115", "index": 1, "from_br": "149", "to_br": "1", "is_Switch": 0, "nPhase": 3, "Phase": "ABC", "length": 0.4, "r": [0.086666667, 0.029545455, 0.02907197, 0.029545455, 0.088371212, 0.029924242, 0.02907197, 0.029924242, 0.087405303], "x": [0.204166667, 0.095018939, 0.072897727, 0.095018939, 0.198522727, 0.080227273, 0.072897727, 0.080227273, 0.201723485]}, {"line": "l1", "index": 2, "from_br": "1", "to_br": "2", "is_Switch": 0, "nPhase": 1, "Phase": "B", "length": 0.175, "r": [0.0, 0.0, 0.0, 0.0, 0.251742424, 0.0, 0.0, 0.0, 0.0], "x": [0.0, 0.0, 0.0, 0.0, 0.255208333, 0.0, 0.0, 0.0, 0.0]}, {"line": "l2", "index": 3, "from_br": "1", "to_br": "3", "is_Switch": 0, "nPhase": 1, "Phase": "C", "length": 0.25, "r": [0.0, 0.0, 0.0, 0.0, 0.0, 0.0, 0.0, 0.0, 0.251742424], "x": [0.0, 0.0, 0.0, 0.0, 0.0, 0.0, 0.0, 0.0, 0.255208333]}, {"line": "l3", "index": 4, "from_br": "1", "to_br": "7", "is_Switch": 0, "nPhase": 3, "Phase": "ABC", "length": 0.3, "r": [0.086666667, 0.029545455, 0.02907197, 0.029545455, 0.088371212, 0.029924242, 0.02907197, 0.029924242, 0.087405303], "x": [0.204166667, 0.095018939, 0.072897727, 0.095018939, 0.198522727, 0.080227273, 0.072897727, 0.080227273, 0.201723485]}, {"line": "l4", "index": 5, "from_br": "3", "to_br": "4", "is_Switch": 0, "nPhase": 1, "Phase": "C", "length": 0.2, "r": [0.0, 0.0, 0.0, 0.0, 0.0, 0.0, 0.0, 0.0, 0.251742424], "x": [0.0, 0.0, 0.0, 0.0, 0.0, 0.0, 0.0, 0.0, 0.255208333]}, {"line": "l5", "index": 6, "from_br": "3", "to_br": "5", "is_Switch": 0, "nPhase": 1, "Phase": "C", "length": 0.325, "r": [0.0, 0.0, 0.0, 0.0, 0.0, 0.0, 0.0, 0.0, 0.251742424], "x": [0.0, 0.0, 0.0, 0.0, 0.0, 0.0, 0.0, 0.0, 0.255208333]}, {"line": "l6", "index": 7, "from_br": "5", "to_br": "6", "is_Switch": 0, "nPhase": 1, "Phase": "C", "length": 0.25, "r": [0.0, 0.0, 0.0, 0.0, 0.0, 0.0, 0.0, 0.0, 0.251742424], "x": [0.0, 0.0, 0.0, 0.0, 0.0, 0.0, 0.0, 0.0, 0.255208333]}, {"line": "l7", "index": 8, "from_br": "7", "to_br": "8", "is_Switch": 0, "nPhase": 3, "Phase": "ABC", "length": 0.2, "r": [0.086666667, 0.029545455, 0.02907197, 0.029545455, 0.088371212, 0.029924242, 0.02907197, 0.029924242, 0.087405303], "x": [0.204166667, 0.095018939, 0.072897727, 0.095018939, 0.198522727, 0.080227273, 0.072897727, 0.080227273, 0.201723485]}, {"line": "l8", "index": 9, "from_br": "8", "to_br": "12", "is_Switch": 0, "nPhase": 1, "Phase": "B", "length": 0.225, "r": [0.0, 0.0, 0.0, 0.0, 0.251742424, 0.0, 0.0, 0.0, 0.0], "x": [0.0, 0.0, 0.0, 0.0, 0.255208333, 0.0, 0.0, 0.0, 0.0]}, {"line": "l9", "index": 10, "from_br": "8", "to_br": "9", "is_Switch": 0, "nPhase": 1, "Phase": "A", "length": 0.225, "r": [0.251742424, 0.0, 0.0, 0.0, 0.0, 0.0, 0.0, 0.0, 0.0], "x": [0.255208333, 0.0, 0.0, 0.0, 0.0, 0.0, 0.0, 0.0, 0.0]}, {"line": "l10", "index": 11, "from_br": "8", "to_br": "13", "is_Switch": 0, "nPhase": 3, "Phase": "ABC", "length": 0.3, "r": [0.086666667, 0.029545455, 0.02907197, 0.029545455, 0.088371212, 0.029924242, 0.02907197, 0.029924242, 0.087405303], "x": [0.204166667, 0.095018939, 0.072897727, 0.095018939, 0.198522727, 0.080227273, 0.072897727, 0.080227273, 0.201723485]}, {"line": "l11", "index": 12, "from_br": "9R", "to_br": "14", "is_Switch": 0, "nPhase": 1, "Phase": "A", "length": 0.425, "r": [0.251742424, 0.0, 0.0, 0.0, 0.0, 0.0, 0.0, 0.0, 0.0], "x": [0.255208333, 0.0, 0.0, 0.0, 0.0, 0.0, 0.0, 0.0, 0.0]}, {"line": "l12", "index": 13, "from_br": "13", "to_br": "34", "is_Switch": 0, "nPhase": 1, "Phase": "C", "length": 0.15, "r": [0.0, 0.0, 0.0, 0.0, 0.0, 0.0, 0.0, 0.0, 0.251742424], "x": [0.0, 0.0, 0.0, 0.0, 0.0, 0.0, 0.0, 0.0, 0.255208333]}, {"line": "l13", "index": 14, "from_br": "13", "to_br": "18", "is_Switch": 0, "nPhase": 3, "Phase": "ABC", "length": 0.825, "r": [0.088371212, 0.02992424, 0.029545455, 0.02992424, 0.087405303, 0.02907197, 0.029545455, 0.02907197, 0.086666667], "x": [0.198522727, 0.080227273, 0.095018939, 0.080227273, 0.201723485, 0.072897727, 0.095018939, 0.072897727, 0.204166667]}, {"line": "l14", "index": 15, "from_br": "14", "to_br": "11", "is_Switch": 0, "nPhase": 1, "Phase": "A", "length": 0.25, "r": [0.251742424, 0.0, 0.0, 0.0, 0.0, 0.0, 0.0, 0.0, 0.0], "x": [0.255208333, 0.0, 0.0, 0.0, 0.0, 0.0, 0.0, 0.0, 0.0]}, {"line": "l15", "index": 16, "from_br": "14", "to_br": "10", "is_Switch": 0, "nPhase": 1, "Phase": "A", "length": 0.25, "r": [0.251742424, 0.0, 0.0, 0.0, 0.0, 0.0, 0.0, 0.0, 0.0], "x": [0.255208333, 0.0, 0.0, 0.0, 0.0, 0.0, 0.0, 0.0, 0.0]}, {"line": "l16", "index": 17, "from_br": "15", "to_br": "16", "is_Switch": 0, "nPhase": 1, "Phase": "C", "length": 0.375, "r": [0.0, 0.0, 0.0, 0.0, 0.0, 0.0, 0.0, 0.0, 0.251742424], "x": [0.0, 0.0, 0.0, 0.0, 0.0, 0.0, 0.0, 0.0, 0.255208333]}, {"line": "l17", "index": 18, "from_br": "15", "to_br": "17", "is_Switch": 0, "nPhase": 1, "Phase": "C", "length": 0.35, "r": [0.0, 0.0, 0.0, 0.0, 0.0, 0.0, 0.0, 0.0, 0.251742424], "x": [0.0, 0.0, 0.0, 0.0, 0.0, 0.0, 0.0, 0.0, 0.255208333]}, {"line": "l18", "index": 19, "from_br": "18", "to_br": "19", "is_Switch": 0, "nPhase": 1, "Phase": "A", "length": 0.25, "r": [0.251742424, 0.0, 0.0, 0.0, 0.0, 0.0, 0.0, 0.0, 0.0], "x": [0.255208333, 0.0, 0.0, 0.0, 0.0, 0.0, 0.0, 0.0, 0.0]}, {"line": "l19", "index": 20, "from_br": "18", "to_br": "21", "is_Switch": 0, "nPhase": 3, "Phase": "ABC", "length": 0.3, "r": [0.088371212, 0.02992424, 0.029545455, 0.02992424, 0.087405303, 0.02907197, 0.029545455, 0.02907197, 0.086666667], "x": [0.198522727, 0.080227273, 0.095018939, 0.080227273, 0.201723485, 0.072897727, 0.095018939, 0.072897727, 0.204166667]}, {"line": "l20", "index": 21, "from_br": "19", "to_br": "20", "is_Switch": 0, "nPhase": 1, "Phase": "A", "length": 0.325, "r": [0.251742424, 0.0, 0.0, 0.0, 0.0, 0.0, 0.0, 0.0, 0.0], "x": [0.255208333, 0.0, 0.0, 0.0, 0.0, 0.0, 0.0, 0.0, 0.0]}, {"line": "l21", "index": 22, "from_br": "21", "to_br": "22", "is_Switch": 0, "nPhase": 1, "Phase": "B", "length": 0.525, "r": [0.0, 0.0, 0.0, 0.0, 0.251742424, 0.0, 0.0, 0.0, 0.0], "x": [0.0, 0.0, 0.0, 0.0, 0.255208333, 0.0, 0.0, 0.0, 0.0]}, {"line": "l22", "index": 23, "from_br": "21", "to_br": "23", "is_Switch": 0, "nPhase": 3, "Phase": "ABC", "length": 0.25, "r": [0.088371212, 0.02992424, 0.029545455, 0.02992424, 0.087405303, 0.02907197, 0.029545455, 0.02907197, 0.086666667], "x": [0.198522727, 0.080227273, 0.095018939, 0.080227273, 0.201723485, 0.072897727, 0.095018939, 0.072897727, 0.204166667]}, {"line": "l23", "index": 24, "from_br": "23", "to_br": "24", "is_Switch": 0, "nPhase": 1, "Phase": "C", "length": 0.55, "r": [0.0, 0.0, 0.0, 0.0, 0.0, 0.0, 0.0, 0.0, 0.251742424], "x": [0.0, 0.0, 0.0, 0.0, 0.0, 0.0, 0.0, 0.0, 0.255208333]}, {"line": "l24", "index": 25, "from_br": "23", "to_br": "25", "is_Switch": 0, "nPhase": 3, "Phase": "ABC", "length": 0.275, "r": [0.088371212, 0.02992424, 0.029545455, 0.02992424, 0.087405303, 0.02907197, 0.029545455, 0.02907197, 0.086666667], "x": [0.198522727, 0.080227273, 0.095018939, 0.080227273, 0.201723485, 0.072897727, 0.095018939, 0.072897727, 0.204166667]}, {"line": "l25", "index": 26, "from_br": "25R", "to_br": "26", "is_Switch": 0, "nPhase": 2, "Phase": "AC", "length": 0.35, "r": [1.13148, 0.0, 0.0, 0.0, 0.0, 0.0, 0.142066, 0.0, 0.0], "x": [0.884886, 0.0, 0.0, 0.0, 0.0, 0.0, 0.366115, 0.0, 0.0]}, {"line": "l26", "index": 27, "from_br": "25", "to_br": "28", "is_Switch": 0, "nPhase": 3, "Phase": "ABC", "length": 0.2, "r": [0.088371212, 0.02992424, 0.029545455, 0.02992424, 0.087405303, 0.02907197, 0.029545455, 0.02907197, 0.086666667], "x": [0.198522727, 0.080227273, 0.095018939, 0.080227273, 0.201723485, 0.072897727, 0.095018939, 0.072897727, 0.204166667]}, {"line": "l27", "index": 28, "from_br": "26", "to_br": "27", "is_Switch": 0, "nPhase": 2, "Phase": "AC", "length": 0.275, "r": [1.13148, 0.0, 0.0, 0.0, 0.0, 0.0, 0.142066, 0.0, 0.0], "x": [0.884886, 0.0, 0.0, 0.0, 0.0, 0.0, 0.366115, 0.0, 0.0]}, {"line": "l28", "index": 29, "from_br": "26", "to_br": "31", "is_Switch": 0, "nPhase": 1, "Phase": "C", "length": 0.225, "r": [0.0, 0.0, 0.0, 0.0, 0.0, 0.0, 0.0, 0.0, 0.251742424], "x": [0.0, 0.0, 0.0, 0.0, 0.0, 0.0, 0.0, 0.0, 0.255208333]}, {"line": "l29", "index": 30, "from_br": "27", "to_br": "33", "is_Switch": 0, "nPhase": 1, "Phase": "A", "length": 0.5, "r": [0.251742424, 0.0, 0.0, 0.0, 0.0, 0.0, 0.0, 0.0, 0.0], "x": [0.255208333, 0.0, 0.0, 0.0, 0.0, 0.0, 0.0, 0.0, 0.0]}, {"line": "l30", "index": 31, "from_br": "28", "to_br": "29", "is_Switch": 0, "nPhase": 3, "Phase": "ABC", "length": 0.3, "r": [0.088371212, 0.02992424, 0.029545455, 0.02992424, 0.087405303, 0.02907197, 0.029545455, 0.02907197, 0.086666667], "x": [0.198522727, 0.080227273, 0.095018939, 0.080227273, 0.201723485, 0.072897727, 0.095018939, 0.072897727, 0.204166667]}, {"line": "l31", "index": 32, "from_br": "29", "to_br": "30", "is_Switch": 0, "nPhase": 3, "Phase": "ABC", "length": 0.35, "r": [0.088371212, 0.02992424, 0.029545455, 0.02992424, 0.087405303, 0.02907197, 0.029545455, 0.02907197, 0.086666667], "x": [0.198522727, 0.080227273, 0.095018939, 0.080227273, 0.201723485, 0.072897727, 0.095018939, 0.072897727, 0.204166667]}, {"line": "l32", "index": 33, "from_br": "30", "to_br": "250", "is_Switch": 0, "nPhase": 3, "Phase": "ABC", "length": 0.2, "r": [0.088371212, 0.02992424, 0.029545455, 0.02992424, 0.087405303, 0.02907197, 0.029545455, 0.02907197, 0.086666667], "x": [0.198522727, 0.080227273, 0.095018939, 0.080227273, 0.201723485, 0.072897727, 0.095018939, 0.072897727, 0.204166667]}, {"line": "l33", "index": 34, "from_br": "31", "to_br": "32", "is_Switch": 0, "nPhase": 1, "Phase": "C", "length": 0.3, "r": [0.0, 0.0, 0.0, 0.0, 0.0, 0.0, 0.0, 0.0, 0.251742424], "x": [0.0, 0.0, 0.0, 0.0, 0.0, 0.0, 0.0, 0.0, 0.255208333]}, {"line": "l34", "index": 35, "from_br": "34", "to_br": "15", "is_Switch": 0, "nPhase": 1, "Phase": "C", "length": 0.1, "r": [0.0, 0.0, 0.0, 0.0, 0.0, 0.0, 0.0, 0.0, 0.251742424], "x": [0.0, 0.0, 0.0, 0.0, 0.0, 0.0, 0.0, 0.0, 0.255208333]}, {"line": "l35", "index": 36, "from_br": "35", "to_br": "36", "is_Switch": 0, "nPhase": 2, "Phase": "AB", "length": 0.65, "r": [1.13148, 0.0, 0.0, 0.142066, 0.0, 0.0, 0.0, 0.0, 0.0], "x": [0.884886, 0.0, 0.0, 0.366115, 0.0, 0.0, 0.0, 0.0, 0.0]}, {"line": "l36", "index": 37, "from_br": "35", "to_br": "40", "is_Switch": 0, "nPhase": 3, "Phase": "ABC", "length": 0.25, "r": [0.086666667, 0.029545455, 0.02907197, 0.029545455, 0.088371212, 0.029924242, 0.02907197, 0.029924242, 0.087405303], "x": [0.204166667, 0.095018939, 0.072897727, 0.095018939, 0.198522727, 0.080227273, 0.072897727, 0.080227273, 0.201723485]}, {"line": "l37", "index": 38, "from_br": "36", "to_br": "37", "is_Switch": 0, "nPhase": 1, "Phase": "A", "length": 0.3, "r": [0.251742424, 0.0, 0.0, 0.0, 0.0, 0.0, 0.0, 0.0, 0.0], "x": [0.255208333, 0.0, 0.0, 0.0, 0.0, 0.0, 0.0, 0.0, 0.0]}, {"line": "l38", "index": 39, "from_br": "36", "to_br": "38", "is_Switch": 0, "nPhase": 1, "Phase": "B", "length": 0.25, "r": [0.0, 0.0, 0.0, 0.0, 0.251742424, 0.0, 0.0, 0.0, 0.0], "x": [0.0, 0.0, 0.0, 0.0, 0.255208333, 0.0, 0.0, 0.0, 0.0]}, {"line": "l39", "index": 40, "from_br": "38", "to_br": "39", "is_Switch": 0, "nPhase": 1, "Phase": "B", "length": 0.325, "r": [0.0, 0.0, 0.0, 0.0, 0.251742424, 0.0, 0.0, 0.0, 0.0], "x": [0.0, 0.0, 0.0, 0.0, 0.255208333, 0.0, 0.0, 0.0, 0.0]}, {"line": "l40", "index": 41, "from_br": "40", "to_br": "41", "is_Switch": 0, "nPhase": 1, "Phase": "C", "length": 0.325, "r": [0.0, 0.0, 0.0, 0.0, 0.0, 0.0, 0.0, 0.0, 0.251742424], "x": [0.0, 0.0, 0.0, 0.0, 0.0, 0.0, 0.0, 0.0, 0.255208333]}, {"line": "l41", "index": 42, "from_br": "40", "to_br": "42", "is_Switch": 0, "nPhase": 3, "Phase": "ABC", "length": 0.25, "r": [0.086666667, 0.029545455, 0.02907197, 0.029545455, 0.088371212, 0.029924242, 0.02907197, 0.029924242, 0.087405303], "x": [0.204166667, 0.095018939, 0.072897727, 0.095018939, 0.198522727, 0.080227273, 0.072897727, 0.080227273, 0.201723485]}, {"line": "l42", "index": 43, "from_br": "42", "to_br": "43", "is_Switch": 0, "nPhase": 1, "Phase": "B", "length": 0.5, "r": [0.0, 0.0, 0.0, 0.0, 0.251742424, 0.0, 0.0, 0.0, 0.0], "x": [0.0, 0.0, 0.0, 0.0, 0.255208333, 0.0, 0.0, 0.0, 0.0]}, {"line": "l43", "index": 44, "from_br": "42", "to_br": "44", "is_Switch": 0, "nPhase": 3, "Phase": "ABC", "length": 0.2, "r": [0.086666667, 0.029545455, 0.02907197, 0.029545455, 0.088371212, 0.029924242, 0.02907197, 0.029924242, 0.087405303], "x": [0.204166667, 0.095018939, 0.072897727, 0.095018939, 0.198522727, 0.080227273, 0.072897727, 0.080227273, 0.201723485]}, {"line": "l44", "index": 45, "from_br": "44", "to_br": "45", "is_Switch": 0, "nPhase": 1, "Phase": "A", "length": 0.2, "r": [0.251742424, 0.0, 0.0, 0.0, 0.0, 0.0, 0.0, 0.0, 0.0], "x": [0.255208333, 0.0, 0.0, 0.0, 0.0, 0.0, 0.0, 0.0, 0.0]}, {"line": "l45", "index": 46, "from_br": "44", "to_br": "47", "is_Switch": 0, "nPhase": 3, "Phase": "ABC", "length": 0.25, "r": [0.086666667, 0.029545455, 0.02907197, 0.029545455, 0.088371212, 0.029924242, 0.02907197, 0.029924242, 0.087405303], "x": [0.204166667, 0.095018939, 0.072897727, 0.095018939, 0.198522727, 0.080227273, 0.072897727, 0.080227273, 0.201723485]}, {"line": "l46", "index": 47, "from_br": "45", "to_br": "46", "is_Switch": 0, "nPhase": 1, "Phase": "A", "length": 0.3, "r": [0.251742424, 0.0, 0.0, 0.0, 0.0, 0.0, 0.0, 0.0, 0.0], "x": [0.255208333, 0.0, 0.0, 0.0, 0.0, 0.0, 0.0, 0.0, 0.0]}, {"line": "l47", "index": 48, "from_br": "47", "to_br": "48", "is_Switch": 0, "nPhase": 3, "Phase": "ABC", "length": 0.15, "r": [0.087405303, 0.029924242, 0.02907197, 0.029924242, 0.088371212, 0.029545455, 0.02907197, 0.029545455, 0.086666667], "x": [0.201723485, 0.080227273, 0.072897727, 0.080227273, 0.198522727, 0.095018939, 0.072897727, 0.095018939, 0.204166667]}, {"line": "l48", "index": 49, "from_br": "47", "to_br": "49", "is_Switch": 0, "nPhase": 3, "Phase": "ABC", "length": 0.25, "r": [0.087405303, 0.029924242, 0.02907197, 0.029924242, 0.088371212, 0.029545455, 0.02907197, 0.029545455, 0.086666667], "x": [0.201723485, 0.080227273, 0.072897727, 0.080227273, 0.198522727, 0.095018939, 0.072897727, 0.095018939, 0.204166667]}, {"line": "l49", "index": 50, "from_br": "49", "to_br": "50", "is_Switch": 0, "nPhase": 3, "Phase": "ABC", "length": 0.25, "r": [0.087405303, 0.029924242, 0.02907197, 0.029924242, 0.088371212, 0.029545455, 0.02907197, 0.029545455, 0.086666667], "x": [0.201723485, 0.080227273, 0.072897727, 0.080227273, 0.198522727, 0.095018939, 0.072897727, 0.095018939, 0.204166667]}, {"line": "l50", "index": 51, "from_br": "50", "to_br": "51", "is_Switch": 0, "nPhase": 3, "Phase": "ABC", "length": 0.25, "r": [0.087405303, 0.029924242, 0.02907197, 0.029924242, 0.088371212, 0.029545455, 0.02907197, 0.029545455, 0.086666667], "x": [0.201723485, 0.080227273, 0.072897727, 0.080227273, 0.198522727, 0.095018939, 0.072897727, 0.095018939, 0.204166667]}, {"line": "l51", "index": 52, "from_br": "51", "to_br": "151", "is_Switch": 0, "nPhase": 3, "Phase": "ABC", "length": 0.5, "r": [0.087405303, 0.029924242, 0.02907197, 0.029924242, 0.088371212, 0.029545455, 0.02907197, 0.029545455, 0.086666667], "x": [0.201723485, 0.080227273, 0.072897727, 0.080227273, 0.198522727, 0.095018939, 0.072897727, 0.095018939, 0.204166667]}, {"line": "l52", "index": 53, "from_br": "52", "to_br": "53", "is_Switch": 0, "nPhase": 3, "Phase": "ABC", "length": 0.2, "r": [0.086666667, 0.029545455, 0.02907197, 0.029545455, 0.088371212, 0.029924242, 0.02907197, 0.029924242, 0.087405303], "x": [0.204166667, 0.095018939, 0.072897727, 0.095018939, 0.198522727, 0.080227273, 0.072897727, 0.080227273, 0.201723485]}, {"line": "l53", "index": 54, "from_br": "53", "to_br": "54", "is_Switch": 0, "nPhase": 3, "Phase": "ABC", "length": 0.125, "r": [0.086666667, 0.029545455, 0.02907197, 0.029545455, 0.088371212, 0.029924242, 0.02907197, 0.029924242, 0.087405303], "x": [0.204166667, 0.095018939, 0.072897727, 0.095018939, 0.198522727, 0.080227273, 0.072897727, 0.080227273, 0.201723485]}, {"line": "l54", "index": 55, "from_br": "54", "to_br": "55", "is_Switch": 0, "nPhase": 3, "Phase": "ABC", "length": 0.275, "r": [0.086666667, 0.029545455, 0.02907197, 0.029545455, 0.088371212, 0.029924242, 0.02907197, 0.029924242, 0.087405303], "x": [0.204166667, 0.095018939, 0.072897727, 0.095018939, 0.198522727, 0.080227273, 0.072897727, 0.080227273, 0.201723485]}, {"line": "l55", "index": 56, "from_br": "54", "to_br": "57", "is_Switch": 0, "nPhase": 3, "Phase": "ABC", "length": 0.35, "r": [0.087405303, 0.02907197, 0.029924242, 0.02907197, 0.086666667, 0.029545455, 0.029924242, 0.029545455, 0.088371212], "x": [0.201723485, 0.072897727, 0.080227273, 0.072897727, 0.204166667, 0.095018939, 0.080227273, 0.095018939, 0.198522727]}, {"line": "l56", "index": 57, "from_br": "55", "to_br": "56", "is_Switch": 0, "nPhase": 3, "Phase": "ABC", "length": 0.275, "r": [0.086666667, 0.029545455, 0.02907197, 0.029545455, 0.088371212, 0.029924242, 0.02907197, 0.029924242, 0.087405303], "x": [0.204166667, 0.095018939, 0.072897727, 0.095018939, 0.198522727, 0.080227273, 0.072897727, 0.080227273, 0.201723485]}, {"line": "l57", "index": 58, "from_br": "57", "to_br": "58", "is_Switch": 0, "nPhase": 1, "Phase": "B", "length": 0.25, "r": [0.0, 0.0, 0.0, 0.0, 0.251742424, 0.0, 0.0, 0.0, 0.0], "x": [0.0, 0.0, 0.0, 0.0, 0.255208333, 0.0, 0.0, 0.0, 0.0]}, {"line": "l58", "index": 59, "from_br": "57", "to_br": "60", "is_Switch": 0, "nPhase": 3, "Phase": "ABC", "length": 0.75, "r": [0.087405303, 0.02907197, 0.029924242, 0.02907197, 0.086666667, 0.029545455, 0.029924242, 0.029545455, 0.088371212], "x": [0.201723485, 0.072897727, 0.080227273, 0.072897727, 0.204166667, 0.095018939, 0.080227273, 0.095018939, 0.198522727]}, {"line": "l59", "index": 60, "from_br": "58", "to_br": "59", "is_Switch": 0, "nPhase": 1, "Phase": "B", "length": 0.25, "r": [0.0, 0.0, 0.0, 0.0, 0.251742424, 0.0, 0.0, 0.0, 0.0], "x": [0.0, 0.0, 0.0, 0.0, 0.255208333, 0.0, 0.0, 0.0, 0.0]}, {"line": "l60", "index": 61, "from_br": "60", "to_br": "61", "is_Switch": 0, "nPhase": 3, "Phase": "ABC", "length": 0.55, "r": [0.088371212, 0.029545455, 0.029924242, 0.029545455, 0.086666667, 0.02907197, 0.029924242, 0.02907197, 0.087405303], "x": [0.198522727, 0.095018939, 0.080227273, 0.095018939, 0.204166667, 0.072897727, 0.080227273, 0.072897727, 0.201723485]}, {"line": "l61", "index": 62, "from_br": "60", "to_br": "62", "is_Switch": 0, "nPhase": 3, "Phase": "ABC", "length": 0.25, "r": [0.288049242, 0.09844697, 0.093257576, 0.09844697, 0.29032197, 0.09844697, 0.093257576, 0.09844697, 0.288049242], "x": [0.142443182, 0.052556818, 0.040852273, 0.052556818, 0.135643939, 0.052556818, 0.040852273, 0.052556818, 0.142443182]}, {"line": "l62", "index": 63, "from_br": "62", "to_br": "63", "is_Switch": 0, "nPhase": 3, "Phase": "ABC", "length": 0.175, "r": [0.288049242, 0.09844697, 0.093257576, 0.09844697, 0.29032197, 0.09844697, 0.093257576, 0.09844697, 0.288049242], "x": [0.142443182, 0.052556818, 0.040852273, 0.052556818, 0.135643939, 0.052556818, 0.040852273, 0.052556818, 0.142443182]}, {"line": "l63", "index": 64, "from_br": "63", "to_br": "64", "is_Switch": 0, "nPhase": 3, "Phase": "ABC", "length": 0.35, "r": [0.288049242, 0.09844697, 0.093257576, 0.09844697, 0.29032197, 0.09844697, 0.093257576, 0.09844697, 0.288049242], "x": [0.142443182, 0.052556818, 0.040852273, 0.052556818, 0.135643939, 0.052556818, 0.040852273, 0.052556818, 0.142443182]}, {"line": "l64", "index": 65, "from_br": "64", "to_br": "65", "is_Switch": 0, "nPhase": 3, "Phase": "ABC", "length": 0.425, "r": [0.288049242, 0.09844697, 0.093257576, 0.09844697, 0.29032197, 0.09844697, 0.093257576, 0.09844697, 0.288049242], "x": [0.142443182, 0.052556818, 0.040852273, 0.052556818, 0.135643939, 0.052556818, 0.040852273, 0.052556818, 0.142443182]}, {"line": "l65", "index": 66, "from_br": "65", "to_br": "66", "is_Switch": 0, "nPhase": 3, "Phase": "ABC", "length": 0.325, "r": [0.288049242, 0.09844697, 0.093257576, 0.09844697, 0.29032197, 0.09844697, 0.093257576, 0.09844697, 0.288049242], "x": [0.142443182, 0.052556818, 0.040852273, 0.052556818, 0.135643939, 0.052556818, 0.040852273, 0.052556818, 0.142443182]}, {"line": "l66", "index": 67, "from_br": "67", "to_br": "68", "is_Switch": 0, "nPhase": 1, "Phase": "A", "length": 0.2, "r": [0.251742424, 0.0, 0.0, 0.0, 0.0, 0.0, 0.0, 0.0, 0.0], "x": [0.255208333, 0.0, 0.0, 0.0, 0.0, 0.0, 0.0, 0.0, 0.0]}, {"line": "l67", "index": 68, "from_br": "67", "to_br": "72", "is_Switch": 0, "nPhase": 3, "Phase": "ABC", "length": 0.275, "r": [0.087405303, 0.02907197, 0.029924242, 0.02907197, 0.086666667, 0.029545455, 0.029924242, 0.029545455, 0.088371212], "x": [0.201723485, 0.072897727, 0.080227273, 0.072897727, 0.204166667, 0.095018939, 0.080227273, 0.095018939, 0.198522727]}, {"line": "l68", "index": 69, "from_br": "67", "to_br": "97", "is_Switch": 0, "nPhase": 3, "Phase": "ABC", "length": 0.25, "r": [0.087405303, 0.02907197, 0.029924242, 0.02907197, 0.086666667, 0.029545455, 0.029924242, 0.029545455, 0.088371212], "x": [0.201723485, 0.072897727, 0.080227273, 0.072897727, 0.204166667, 0.095018939, 0.080227273, 0.095018939, 0.198522727]}, {"line": "l69", "index": 70, "from_br": "68", "to_br": "69", "is_Switch": 0, "nPhase": 1, "Phase": "A", "length": 0.275, "r": [0.251742424, 0.0, 0.0, 0.0, 0.0, 0.0, 0.0, 0.0, 0.0], "x": [0.255208333, 0.0, 0.0, 0.0, 0.0, 0.0, 0.0, 0.0, 0.0]}, {"line": "l70", "index": 71, "from_br": "69", "to_br": "70", "is_Switch": 0, "nPhase": 1, "Phase": "A", "length": 0.325, "r": [0.251742424, 0.0, 0.0, 0.0, 0.0, 0.0, 0.0, 0.0, 0.0], "x": [0.255208333, 0.0, 0.0, 0.0, 0.0, 0.0, 0.0, 0.0, 0.0]}, {"line": "l71", "index": 72, "from_br": "70", "to_br": "71", "is_Switch": 0, "nPhase": 1, "Phase": "A", "length": 0.275, "r": [0.251742424, 0.0, 0.0, 0.0, 0.0, 0.0, 0.0, 0.0, 0.0], "x": [0.255208333, 0.0, 0.0, 0.0, 0.0, 0.0, 0.0, 0.0, 0.0]}, {"line": "l72", "index": 73, "from_br": "72", "to_br": "73", "is_Switch": 0, "nPhase": 1, "Phase": "C", "length": 0.275, "r": [0.0, 0.0, 0.0, 0.0, 0.0, 0.0, 0.0, 0.0, 0.251742424], "x": [0.0, 0.0, 0.0, 0.0, 0.0, 0.0, 0.0, 0.0, 0.255208333]}, {"line": "l73", "index": 74, "from_br": "72", "to_br": "76", "is_Switch": 0, "nPhase": 3, "Phase": "ABC", "length": 0.2, "r": [0.087405303, 0.02907197, 0.029924242, 0.02907197, 0.086666667, 0.029545455, 0.029924242, 0.029545455, 0.088371212], "x": [0.201723485, 0.072897727, 0.080227273, 0.072897727, 0.204166667, 0.095018939, 0.080227273, 0.095018939, 0.198522727]}, {"line": "l74", "index": 75, "from_br": "73", "to_br": "74", "is_Switch": 0, "nPhase": 1, "Phase": "C", "length": 0.35, "r": [0.0, 0.0, 0.0, 0.0, 0.0, 0.0, 0.0, 0.0, 0.251742424], "x": [0.0, 0.0, 0.0, 0.0, 0.0, 0.0, 0.0, 0.0, 0.255208333]}, {"line": "l75", "index": 76, "from_br": "74", "to_br": "75", "is_Switch": 0, "nPhase": 1, "Phase": "C", "length": 0.4, "r": [0.0, 0.0, 0.0, 0.0, 0.0, 0.0, 0.0, 0.0, 0.251742424], "x": [0.0, 0.0, 0.0, 0.0, 0.0, 0.0, 0.0, 0.0, 0.255208333]}, {"line": "l76", "index": 77, "from_br": "76", "to_br": "77", "is_Switch": 0, "nPhase": 3, "Phase": "ABC", "length": 0.4, "r": [0.086666667, 0.02907197, 0.029545455, 0.02907197, 0.087405303, 0.029924242, 0.029545455, 0.029924242, 0.088371212], "x": [0.204166667, 0.072897727, 0.095018939, 0.072897727, 0.201723485, 0.080227273, 0.095018939, 0.080227273, 0.198522727]}, {"line": "l77", "index": 78, "from_br": "76", "to_br": "86", "is_Switch": 0, "nPhase": 3, "Phase": "ABC", "length": 0.7, "r": [0.087405303, 0.02907197, 0.029924242, 0.02907197, 0.086666667, 0.029545455, 0.029924242, 0.029545455, 0.088371212], "x": [0.201723485, 0.072897727, 0.080227273, 0.072897727, 0.204166667, 0.095018939, 0.080227273, 0.095018939, 0.198522727]}, {"line": "l78", "index": 79, "from_br": "77", "to_br": "78", "is_Switch": 0, "nPhase": 3, "Phase": "ABC", "length": 0.1, "r": [0.086666667, 0.02907197, 0.029545455, 0.02907197, 0.087405303, 0.029924242, 0.029545455, 0.029924242, 0.088371212], "x": [0.204166667, 0.072897727, 0.095018939, 0.072897727, 0.201723485, 0.080227273, 0.095018939, 0.080227273, 0.198522727]}, {"line": "l79", "index": 80, "from_br": "78", "to_br": "79", "is_Switch": 0, "nPhase": 3, "Phase": "ABC", "length": 0.225, "r": [0.086666667, 0.02907197, 0.029545455, 0.02907197, 0.087405303, 0.029924242, 0.029545455, 0.029924242, 0.088371212], "x": [0.204166667, 0.072897727, 0.095018939, 0.072897727, 0.201723485, 0.080227273, 0.095018939, 0.080227273, 0.198522727]}, {"line": "l80", "index": 81, "from_br": "78", "to_br": "80", "is_Switch": 0, "nPhase": 3, "Phase": "ABC", "length": 0.475, "r": [0.086666667, 0.02907197, 0.029545455, 0.02907197, 0.087405303, 0.029924242, 0.029545455, 0.029924242, 0.088371212], "x": [0.204166667, 0.072897727, 0.095018939, 0.072897727, 0.201723485, 0.080227273, 0.095018939, 0.080227273, 0.198522727]}, {"line": "l81", "index": 82, "from_br": "80", "to_br": "81", "is_Switch": 0, "nPhase": 3, "Phase": "ABC", "length": 0.175, "r": [0.086666667, 0.02907197, 0.029545455, 0.02907197, 0.087405303, 0.029924242, 0.029545455, 0.029924242, 0.088371212], "x": [0.204166667, 0.072897727, 0.095018939, 0.072897727, 0.201723485, 0.080227273, 0.095018939, 0.080227273, 0.198522727]}, {"line": "l82", "index": 83, "from_br": "81", "to_br": "82", "is_Switch": 0, "nPhase": 3, "Phase": "ABC", "length": 0.25, "r": [0.086666667, 0.02907197, 0.029545455, 0.02907197, 0.087405303, 0.029924242, 0.029545455, 0.029924242, 0.088371212], "x": [0.204166667, 0.072897727, 0.095018939, 0.072897727, 0.201723485, 0.080227273, 0.095018939, 0.080227273, 0.198522727]}, {"line": "l83", "index": 84, "from_br": "81", "to_br": "84", "is_Switch": 0, "nPhase": 1, "Phase": "C", "length": 0.675, "r": [0.0, 0.0, 0.0, 0.0, 0.0, 0.0, 0.0, 0.0, 0.251742424], "x": [0.0, 0.0, 0.0, 0.0, 0.0, 0.0, 0.0, 0.0, 0.255208333]}, {"line": "l84", "index": 85, "from_br": "82", "to_br": "83", "is_Switch": 0, "nPhase": 3, "Phase": "ABC", "length": 0.25, "r": [0.086666667, 0.02907197, 0.029545455, 0.02907197, 0.087405303, 0.029924242, 0.029545455, 0.029924242, 0.088371212], "x": [0.204166667, 0.072897727, 0.095018939, 0.072897727, 0.201723485, 0.080227273, 0.095018939, 0.080227273, 0.198522727]}, {"line": "l85", "index": 86, "from_br": "84", "to_br": "85", "is_Switch": 0, "nPhase": 1, "Phase": "C", "length": 0.475, "r": [0.0, 0.0, 0.0, 0.0, 0.0, 0.0, 0.0, 0.0, 0.251742424], "x": [0.0, 0.0, 0.0, 0.0, 0.0, 0.0, 0.0, 0.0, 0.255208333]}, {"line": "l86", "index": 87, "from_br": "86", "to_br": "87", "is_Switch": 0, "nPhase": 3, "Phase": "ABC", "length": 0.45, "r": [0.086666667, 0.02907197, 0.029545455, 0.02907197, 0.087405303, 0.029924242, 0.029545455, 0.029924242, 0.088371212], "x": [0.204166667, 0.072897727, 0.095018939, 0.072897727, 0.201723485, 0.080227273, 0.095018939, 0.080227273, 0.198522727]}, {"line": "l87", "index": 88, "from_br": "87", "to_br": "88", "is_Switch": 0, "nPhase": 1, "Phase": "A", "length": 0.175, "r": [0.251742424, 0.0, 0.0, 0.0, 0.0, 0.0, 0.0, 0.0, 0.0], "x": [0.255208333, 0.0, 0.0, 0.0, 0.0, 0.0, 0.0, 0.0, 0.0]}, {"line": "l88", "index": 89, "from_br": "87", "to_br": "89", "is_Switch": 0, "nPhase": 3, "Phase": "ABC", "length": 0.275, "r": [0.086666667, 0.02907197, 0.029545455, 0.02907197, 0.087405303, 0.029924242, 0.029545455, 0.029924242, 0.088371212], "x": [0.204166667, 0.072897727, 0.095018939, 0.072897727, 0.201723485, 0.080227273, 0.095018939, 0.080227273, 0.198522727]}, {"line": "l89", "index": 90, "from_br": "89", "to_br": "90", "is_Switch": 0, "nPhase": 1, "Phase": "B", "length": 0.25, "r": [0.0, 0.0, 0.0, 0.0, 0.251742424, 0.0, 0.0, 0.0, 0.0], "x": [0.0, 0.0, 0.0, 0.0, 0.255208333, 0.0, 0.0, 0.0, 0.0]}, {"line": "l90", "index": 91, "from_br": "89", "to_br": "91", "is_Switch": 0, "nPhase": 3, "Phase": "ABC", "length": 0.225, "r": [0.086666667, 0.02907197, 0.029545455, 0.02907197, 0.087405303, 0.029924242, 0.029545455, 0.029924242, 0.088371212], "x": [0.204166667, 0.072897727, 0.095018939, 0.072897727, 0.201723485, 0.080227273, 0.095018939, 0.080227273, 0.198522727]}, {"line": "l91", "index": 92, "from_br": "91", "to_br": "92", "is_Switch": 0, "nPhase": 1, "Phase": "C", "length": 0.3, "r": [0.0, 0.0, 0.0, 0.0, 0.0, 0.0, 0.0, 0.0, 0.251742424], "x": [0.0, 0.0, 0.0, 0.0, 0.0, 0.0, 0.0, 0.0, 0.255208333]}, {"line": "l92", "index": 93, "from_br": "91", "to_br": "93", "is_Switch": 0, "nPhase": 3, "Phase": "ABC", "length": 0.225, "r": [0.086666667, 0.02907197, 0.029545455, 0.02907197, 0.087405303, 0.029924242, 0.029545455, 0.029924242, 0.088371212], "x": [0.204166667, 0.072897727, 0.095018939, 0.072897727, 0.201723485, 0.080227273, 0.095018939, 0.080227273, 0.198522727]}, {"line": "l93", "index": 94, "from_br": "93", "to_br": "94", "is_Switch": 0, "nPhase": 1, "Phase": "A", "length": 0.275, "r": [0.251742424, 0.0, 0.0, 0.0, 0.0, 0.0, 0.0, 0.0, 0.0], "x": [0.255208333, 0.0, 0.0, 0.0, 0.0, 0.0, 0.0, 0.0, 0.0]}, {"line": "l94", "index": 95, "from_br": "93", "to_br": "95", "is_Switch": 0, "nPhase": 3, "Phase": "ABC", "length": 0.3, "r": [0.086666667, 0.02907197, 0.029545455, 0.02907197, 0.087405303, 0.029924242, 0.029545455, 0.029924242, 0.088371212], "x": [0.204166667, 0.072897727, 0.095018939, 0.072897727, 0.201723485, 0.080227273, 0.095018939, 0.080227273, 0.198522727]}, {"line": "l95", "index": 96, "from_br": "95", "to_br": "96", "is_Switch": 0, "nPhase": 1, "Phase": "B", "length": 0.2, "r": [0.0, 0.0, 0.0, 0.0, 0.251742424, 0.0, 0.0, 0.0, 0.0], "x": [0.0, 0.0, 0.0, 0.0, 0.255208333, 0.0, 0.0, 0.0, 0.0]}, {"line": "l96", "index": 97, "from_br": "97", "to_br": "98", "is_Switch": 0, "nPhase": 3, "Phase": "ABC", "length": 0.275, "r": [0.087405303, 0.02907197, 0.029924242, 0.02907197, 0.086666667, 0.029545455, 0.029924242, 0.029545455, 0.088371212], "x": [0.201723485, 0.072897727, 0.080227273, 0.072897727, 0.204166667, 0.095018939, 0.080227273, 0.095018939, 0.198522727]}, {"line": "l97", "index": 98, "from_br": "98", "to_br": "99", "is_Switch": 0, "nPhase": 3, "Phase": "ABC", "length": 0.55, "r": [0.087405303, 0.02907197, 0.029924242, 0.02907197, 0.086666667, 0.029545455, 0.029924242, 0.029545455, 0.088371212], "x": [0.201723485, 0.072897727, 0.080227273, 0.072897727, 0.204166667, 0.095018939, 0.080227273, 0.095018939, 0.198522727]}, {"line": "l98", "index": 99, "from_br": "99", "to_br": "100", "is_Switch": 0, "nPhase": 3, "Phase": "ABC", "length": 0.3, "r": [0.087405303, 0.02907197, 0.029924242, 0.02907197, 0.086666667, 0.029545455, 0.029924242, 0.029545455, 0.088371212], "x": [0.201723485, 0.072897727, 0.080227273, 0.072897727, 0.204166667, 0.095018939, 0.080227273, 0.095018939, 0.198522727]}, {"line": "l99", "index": 100, "from_br": "100", "to_br": "450", "is_Switch": 0, "nPhase": 3, "Phase": "ABC", "length": 0.8, "r": [0.087405303, 0.02907197, 0.029924242, 0.02907197, 0.086666667, 0.029545455, 0.029924242, 0.029545455, 0.088371212], "x": [0.201723485, 0.072897727, 0.080227273, 0.072897727, 0.204166667, 0.095018939, 0.080227273, 0.095018939, 0.198522727]}, {"line": "l118", "index": 101, "from_br": "197", "to_br": "101", "is_Switch": 0, "nPhase": 3, "Phase": "ABC", "length": 0.25, "r": [0.087405303, 0.02907197, 0.029924242, 0.02907197, 0.086666667, 0.029545455, 0.029924242, 0.029545455, 0.088371212], "x": [0.201723485, 0.072897727, 0.080227273, 0.072897727, 0.204166667, 0.095018939, 0.080227273, 0.095018939, 0.198522727]}, {"line": "l100", "index": 102, "from_br": "101", "to_br": "102", "is_Switch": 0, "nPhase": 1, "Phase": "C", "length": 0.225, "r": [0.0, 0.0, 0.0, 0.0, 0.0, 0.0, 0.0, 0.0, 0.251742424], "x": [0.0, 0.0, 0.0, 0.0, 0.0, 0.0, 0.0, 0.0, 0.255208333]}, {"line": "l101", "index": 103, "from_br": "101", "to_br": "105", "is_Switch": 0, "nPhase": 3, "Phase": "ABC", "length": 0.275, "r": [0.087405303, 0.02907197, 0.029924242, 0.02907197, 0.086666667, 0.029545455, 0.029924242, 0.029545455, 0.088371212], "x": [0.201723485, 0.072897727, 0.080227273, 0.072897727, 0.204166667, 0.095018939, 0.080227273, 0.095018939, 0.198522727]}, {"line": "l102", "index": 104, "from_br": "102", "to_br": "103", "is_Switch": 0, "nPhase": 1, "Phase": "C", "length": 0.325, "r": [0.0, 0.0, 0.0, 0.0, 0.0, 0.0, 0.0, 0.0, 0.251742424], "x": [0.0, 0.0, 0.0, 0.0, 0.0, 0.0, 0.0, 0.0, 0.255208333]}, {"line": "l103", "index": 105, "from_br": "103", "to_br": "104", "is_Switch": 0, "nPhase": 1, "Phase": "C", "length": 0.7, "r": [0.0, 0.0, 0.0, 0.0, 0.0, 0.0, 0.0, 0.0, 0.251742424], "x": [0.0, 0.0, 0.0, 0.0, 0.0, 0.0, 0.0, 0.0, 0.255208333]}, {"line": "l104", "index": 106, "from_br": "105", "to_br": "106", "is_Switch": 0, "nPhase": 1, "Phase": "B", "length": 0.225, "r": [0.0, 0.0, 0.0, 0.0, 0.251742424, 0.0, 0.0, 0.0, 0.0], "x": [0.0, 0.0, 0.0, 0.0, 0.255208333, 0.0, 0.0, 0.0, 0.0]}, {"line": "l105", "index": 107, "from_br": "105", "to_br": "108", "is_Switch": 0, "nPhase": 3, "Phase": "ABC", "length": 0.325, "r": [0.087405303, 0.02907197, 0.029924242, 0.02907197, 0.086666667, 0.029545455, 0.029924242, 0.029545455, 0.088371212], "x": [0.201723485, 0.072897727, 0.080227273, 0.072897727, 0.204166667, 0.095018939, 0.080227273, 0.095018939, 0.198522727]}, {"line": "l106", "index": 108, "from_br": "106", "to_br": "107", "is_Switch": 0, "nPhase": 1, "Phase": "B", "length": 0.575, "r": [0.0, 0.0, 0.0, 0.0, 0.251742424, 0.0, 0.0, 0.0, 0.0], "x": [0.0, 0.0, 0.0, 0.0, 0.255208333, 0.0, 0.0, 0.0, 0.0]}, {"line": "l107", "index": 109, "from_br": "108", "to_br": "109", "is_Switch": 0, "nPhase": 1, "Phase": "A", "length": 0.45, "r": [0.251742424, 0.0, 0.0, 0.0, 0.0, 0.0, 0.0, 0.0, 0.0], "x": [0.255208333, 0.0, 0.0, 0.0, 0.0, 0.0, 0.0, 0.0, 0.0]}, {"line": "l108", "index": 110, "from_br": "108", "to_br": "300", "is_Switch": 0, "nPhase": 3, "Phase": "ABC", "length": 1.0, "r": [0.087405303, 0.02907197, 0.029924242, 0.02907197, 0.086666667, 0.029545455, 0.029924242, 0.029545455, 0.088371212], "x": [0.201723485, 0.072897727, 0.080227273, 0.072897727, 0.204166667, 0.095018939, 0.080227273, 0.095018939, 0.198522727]}, {"line": "l109", "index": 111, "from_br": "109", "to_br": "110", "is_Switch": 0, "nPhase": 1, "Phase": "A", "length": 0.3, "r": [0.251742424, 0.0, 0.0, 0.0, 0.0, 0.0, 0.0, 0.0, 0.0], "x": [0.255208333, 0.0, 0.0, 0.0, 0.0, 0.0, 0.0, 0.0, 0.0]}, {"line": "l110", "index": 112, "from_br": "110", "to_br": "111", "is_Switch": 0, "nPhase": 1, "Phase": "A", "length": 0.575, "r": [0.251742424, 0.0, 0.0, 0.0, 0.0, 0.0, 0.0, 0.0, 0.0], "x": [0.255208333, 0.0, 0.0, 0.0, 0.0, 0.0, 0.0, 0.0, 0.0]}, {"line": "l111", "index": 113, "from_br": "110", "to_br": "112", "is_Switch": 0, "nPhase": 1, "Phase": "A", "length": 0.125, "r": [0.251742424, 0.0, 0.0, 0.0, 0.0, 0.0, 0.0, 0.0, 0.0], "x": [0.255208333, 0.0, 0.0, 0.0, 0.0, 0.0, 0.0, 0.0, 0.0]}, {"line": "l112", "index": 114, "from_br": "112", "to_br": "113", "is_Switch": 0, "nPhase": 1, "Phase": "A", "length": 0.525, "r": [0.251742424, 0.0, 0.0, 0.0, 0.0, 0.0, 0.0, 0.0, 0.0], "x": [0.255208333, 0.0, 0.0, 0.0, 0.0, 0.0, 0.0, 0.0, 0.0]}, {"line": "l113", "index": 115, "from_br": "113", "to_br": "114", "is_Switch": 0, "nPhase": 1, "Phase": "A", "length": 0.325, "r": [0.251742424, 0.0, 0.0, 0.0, 0.0, 0.0, 0.0, 0.0, 0.0], "x": [0.255208333, 0.0, 0.0, 0.0, 0.0, 0.0, 0.0, 0.0, 0.0]}, {"line": "l114", "index": 116, "from_br": "135", "to_br": "35", "is_Switch": 0, "nPhase": 3, "Phase": "ABC", "length": 0.375, "r": [0.087405303, 0.029924242, 0.02907197, 0.029924242, 0.088371212, 0.029545455, 0.02907197, 0.029545455, 0.086666667], "x": [0.201723485, 0.080227273, 0.072897727, 0.080227273, 0.198522727, 0.095018939, 0.072897727, 0.095018939, 0.204166667]}, {"line": "l116", "index": 117, "from_br": "152", "to_br": "52", "is_Switch": 0, "nPhase": 3, "Phase": "ABC", "length": 0.4, "r": [0.086666667, 0.029545455, 0.02907197, 0.029545455, 0.088371212, 0.029924242, 0.02907197, 0.029924242, 0.087405303], "x": [0.204166667, 0.095018939, 0.072897727, 0.095018939, 0.198522727, 0.080227273, 0.072897727, 0.080227273, 0.201723485]}, {"line": "l117", "index": 118, "from_br": "160R", "to_br": "67", "is_Switch": 0, "nPhase": 3, "Phase": "ABC", "length": 0.35, "r": [0.086666667, 0.02907197, 0.029545455, 0.02907197, 0.087405303, 0.029924242, 0.029545455, 0.029924242, 0.088371212], "x": [0.204166667, 0.072897727, 0.095018939, 0.072897727, 0.201723485, 0.080227273, 0.095018939, 0.080227273, 0.198522727]}, {"line": "sw1", "index": 119, "from_br": "150R", "to_br": "149", "is_Switch": 0, "nPhase": 3, "Phase": "ABC", "length": 0.001, "r": [0.001, 0.0, 0.0, 0.0, 0.001, 0.0, 0.0, 0.0, 0.001], "x": [0.0, 0.0, 0.0, 0.0, 0.0, 0.0, 0.0, 0.0, 0.0]}, {"line": "sw2", "index": 120, "from_br": "13", "to_br": "152", "is_Switch": 0, "nPhase": 3, "Phase": "ABC", "length": 0.001, "r": [0.001, 0.0, 0.0, 0.0, 0.001, 0.0, 0.0, 0.0, 0.001], "x": [0.0, 0.0, 0.0, 0.0, 0.0, 0.0, 0.0, 0.0, 0.0]}, {"line": "sw3", "index": 121, "from_br": "18", "to_br": "135", "is_Switch": 0, "nPhase": 3, "Phase": "ABC", "length": 0.001, "r": [0.001, 0.0, 0.0, 0.0, 0.001, 0.0, 0.0, 0.0, 0.001], "x": [0.0, 0.0, 0.0, 0.0, 0.0, 0.0, 0.0, 0.0, 0.0]}, {"line": "sw4", "index": 122, "from_br": "60", "to_br": "160", "is_Switch": 0, "nPhase": 3, "Phase": "ABC", "length": 0.001, "r": [0.001, 0.0, 0.0, 0.0, 0.001, 0.0, 0.0, 0.0, 0.001], "x": [0.0, 0.0, 0.0, 0.0, 0.0, 0.0, 0.0, 0.0, 0.0]}, {"line": "sw5", "index": 123, "from_br": "97", "to_br": "197", "is_Switch": 0, "nPhase": 3, "Phase": "ABC", "length": 0.001, "r": [0.001, 0.0, 0.0, 0.0, 0.001, 0.0, 0.0, 0.0, 0.001], "x": [0.0, 0.0, 0.0, 0.0, 0.0, 0.0, 0.0, 0.0, 0.0]}, {"line": "sw6", "index": 124, "from_br": "61", "to_br": "61S", "is_Switch": 0, "nPhase": 3, "Phase": "ABC", "length": 0.001, "r": [0.001, 0.0, 0.0, 0.0, 0.001, 0.0, 0.0, 0.0, 0.001], "x": [0.0, 0.0, 0.0, 0.0, 0.0, 0.0, 0.0, 0.0, 0.0]}, {"line": "xfm1", "index": 125, "from_br": "61S", "to_br": "610", "is_Switch": 0, "nPhase": 3, "Phase": "ABC", "length": 0.001, "r": [0.001, 0.0, 0.0, 0.0, 0.001, 0.0, 0.0, 0.0, 0.001], "x": [0.001, 0.0, 0.0, 0.0, 0.001, 0.0, 0.0, 0.0, 0.001]}, {"line": "reg2a", "index": 126, "from_br": "9", "to_br": "9R", "is_Switch": 0, "nPhase": 1, "Phase": "A", "length": 0.001, "r": [0.001, 0.0, 0.0, 0.0, 0.001, 0.0, 0.0, 0.0, 0.00], "x": [0.001, 0.0, 0.0, 0.0, 0.001, 0.0, 0.0, 0.0, 0.00]}, {"line": "reg3a", "index": 127, "from_br": "25", "to_br": "25R", "is_Switch": 0, "nPhase": 2, "Phase": "AC", "length": 0.001, "r": [0.001, 0.0, 0.0, 0.0, 0.00, 0.0, 0.0, 0.0, 0.001], "x": [0.001, 0.0, 0.0, 0.0, 0.00, 0.0, 0.0, 0.0, 0.001]}, {"line": "reg4a", "index": 128, "from_br": "160", "to_br": "160R", "is_Switch": 0, "nPhase": 3, "Phase": "ABC", "length": 0.001, "r": [0.001, 0.0, 0.0, 0.0, 0.001, 0.0, 0.0, 0.0, 0.001], "x": [0.001, 0.0, 0.0, 0.0, 0.001, 0.0, 0.0, 0.0, 0.001]}]